mu =

   1.0000   3.1702

sigma =

   0.00000   0.76098

mu =

      1.0000   2000.6809

sigma =

     0.00000   794.70235

mu =

      1.0000   2000.6809      3.1702

sigma =

     0.00000   794.70235     0.76098

